wp1:
x1: [0,0.111111111111111,0.222222222222222,0.333333333333333,0.444444444444444,0.555555555555556,0.666666666666667,0.777777777777778,0.888888888888889,1]
y1: [0,0,0,0,0,0,0,0,0,0]
wp2:
x2: [1,1,1,1,1,1,1,1,1,1]
y2: [0,-0.111111111111111,-0.222222222222222,-0.333333333333333,-0.444444444444444,-0.555555555555556,-0.666666666666667,-0.777777777777778,-0.888888888888889,-1]
wp3: 
x3: [1,0.888888888888889,0.777777777777778,0.666666666666667,0.555555555555556,0.444444444444444,0.333333333333333,0.222222222222222,0.111111111111111,0]
y3: [-1,-1,-1,-1,-1,-1,-1,-1,-1,-1]
wp4: 
x4: [0,0,0,0,0,0,0,0,0,0]
y4: [-1,-0.876666666666667,-0.753333333333333,-0.630000000000000,-0.506666666666667,-0.383333333333333,-0.260000000000000,-0.136666666666667,-0.0133333333333332,0.110000000000000]

x5: [0.0,0.111111111111111,0.222222222222222,0.333333333333333,0.444444444444444,0.555555555555556,0.666666666666667,0.777777777777778,0.888888888888889,1.0,1.0,1.0,1.0,1.0,1.0,1.0,1.0,1.0,1.0,1.0,1.0,0.888888888888889,0.777777777777778,0.666666666666667,0.555555555555556,0.444444444444444,0.333333333333333,0.222222222222222,0.111111111111111,0.0,0.0,0.0,0.0,0.0,0.0,0.0,0.0,0.0,0.0,0.0]
y5: [0.0,0.0,0.0,0.0,0.0,0.0,0.0,0.0,0.0,0.0,0.0,-0.111111111111111,-0.222222222222222,-0.333333333333333,-0.444444444444444,-0.555555555555556,-0.666666666666667,-0.777777777777778,-0.888888888888889,-1.0,-1.0,-1.0,-1.0,-1.0,-1.0,-1.0,-1.0,-1.0,-1.0,-1.0,-1.0,-0.876666666666667,-0.753333333333333,-0.630000000000000,-0.506666666666667,-0.383333333333333,-0.260000000000000,-0.136666666666667,-0.0133333333333332,0.110000000000000]

x6: [0.0, 1.0, 2.0, 2.5, 2.0, 1.0, 0.0, -1.0, -2.0, -2.5, -2.0, -1.0, 0.0, 1.0, 0.0]
y6: [0.0, 0.5, 1.0, 2.0, 3.0, 3.5, 4.0, 3.5, 3.0, 2.0, 1.0, 0.5, 1.0, 1.5, 2.0]